  0.17207290E+00
  0.17233570E+00
  0.17207393E+00
  0.17217884E+00
  0.17223636E+00
  0.17224216E+00
  0.17229175E+00
  0.17230755E+00
  0.17223903E+00
  0.17226341E+00
  0.17218803E+00
  0.17225961E+00
  0.17228452E+00
  0.17232745E+00
  0.17233528E+00
  0.17232909E+00
  0.17234398E+00
  0.17237435E+00
  0.17237270E+00
  0.17236573E+00
  0.17239890E+00
  0.17237414E+00
  0.17236499E+00
  0.17232848E+00
  0.17231047E+00
  0.17234063E+00
  0.17234270E+00
  0.17232623E+00
  0.17233264E+00
  0.17235032E+00
  0.17399860E+00
  0.17357971E+00
  0.17316156E+00
  0.17312489E+00
  0.17307593E+00
  0.17285016E+00
  0.17265763E+00
  0.17253519E+00
  0.17266810E+00
  0.17261025E+00
  0.17244214E+00
  0.17262618E+00
  0.17257919E+00
  0.17248184E+00
  0.17236519E+00
  0.17226346E+00
  0.17222911E+00
  0.17225502E+00
  0.17232938E+00
  0.17237675E+00
  0.17235618E+00
  0.17237392E+00
  0.17236088E+00
  0.17242978E+00
  0.17243871E+00
  0.17244643E+00
  0.17242642E+00
  0.17234206E+00
  0.17238148E+00
  0.17241840E+00
  0.17267382E+00
  0.17256654E+00
  0.17262089E+00
  0.17219321E+00
  0.17214509E+00
  0.17219953E+00
  0.17223391E+00
  0.17227292E+00
  0.17233913E+00
  0.17220313E+00
  0.17223700E+00
  0.17227160E+00
  0.17231231E+00
  0.17226627E+00
  0.17235415E+00
  0.17233163E+00
  0.17235373E+00
  0.17236697E+00
  0.17238600E+00
  0.17243281E+00
  0.17248346E+00
  0.17246011E+00
  0.17247684E+00
  0.17252891E+00
  0.17256637E+00
  0.17253109E+00
  0.17256203E+00
  0.17248376E+00
  0.17243351E+00
  0.17234255E+00
  0.17163810E+00
  0.17122016E+00
  0.17173123E+00
  0.17192912E+00
  0.17206544E+00
  0.17171763E+00
  0.17199185E+00
  0.17224023E+00
  0.17246823E+00
  0.17249599E+00
  0.17248535E+00
  0.17243416E+00
  0.17250500E+00
  0.17242923E+00
  0.17238593E+00
  0.17235899E+00
  0.17233397E+00
  0.17227039E+00
  0.17219236E+00
  0.17219455E+00
  0.17221411E+00
  0.17226574E+00
  0.17225715E+00
  0.17228215E+00
  0.17226992E+00
  0.17219808E+00
  0.17211503E+00
  0.17205045E+00
  0.17209432E+00
  0.17215901E+00
  0.16981472E+00
  0.16964653E+00
  0.16953314E+00
  0.16896525E+00
  0.16929089E+00
  0.16928257E+00
  0.16918490E+00
  0.16878357E+00
  0.16888696E+00
  0.16880608E+00
  0.16877423E+00
  0.16879050E+00
  0.16877609E+00
  0.16862393E+00
  0.16859745E+00
  0.16856887E+00
  0.16862743E+00
  0.16855116E+00
  0.16856262E+00
  0.16851975E+00
  0.16849536E+00
  0.16852724E+00
  0.16852607E+00
  0.16853191E+00
  0.16853553E+00
  0.16860455E+00
  0.16860439E+00
  0.16866403E+00
  0.16864793E+00
  0.16866237E+00
  0.13926191E+00
  0.13854061E+00
  0.13834327E+00
  0.13808677E+00
  0.13831961E+00
  0.13828249E+00
  0.13839278E+00
  0.13839069E+00
  0.13848483E+00
  0.13847666E+00
  0.13851174E+00
  0.13848920E+00
  0.13840530E+00
  0.13863845E+00
  0.13862034E+00
  0.13850901E+00
  0.13855457E+00
  0.13852907E+00
  0.13856390E+00
  0.13857682E+00
  0.13859471E+00
  0.13869799E+00
  0.13866785E+00
  0.13869597E+00
  0.13871319E+00
  0.13872909E+00
  0.13873537E+00
  0.13873701E+00
  0.13866342E+00
  0.13863560E+00
  0.46127046E-01
  0.46484565E-01
  0.46598337E-01
  0.46678339E-01
  0.46633063E-01
  0.46671758E-01
  0.46675843E-01
  0.46731623E-01
  0.46729840E-01
  0.46693593E-01
  0.46685528E-01
  0.46666854E-01
  0.46638262E-01
  0.46672927E-01
  0.46637230E-01
  0.46635678E-01
  0.46635558E-01
  0.46645447E-01
  0.46638922E-01
  0.46625114E-01
  0.46621066E-01
  0.46608035E-01
  0.46597002E-01
  0.46597958E-01
  0.46580653E-01
  0.46594458E-01
  0.46576122E-01
  0.46578204E-01
  0.46563749E-01
  0.46556444E-01
  0.26606299E-01
  0.26913905E-01
  0.27007990E-01
  0.26987538E-01
  0.26965301E-01
  0.26958434E-01
  0.26926034E-01
  0.26891952E-01
  0.26921798E-01
  0.26894183E-01
  0.26889006E-01
  0.26907218E-01
  0.26918691E-01
  0.26895673E-01
  0.26919422E-01
  0.26915543E-01
  0.26917977E-01
  0.26911536E-01
  0.26920118E-01
  0.26923673E-01
  0.26917224E-01
  0.26911300E-01
  0.26901922E-01
  0.26902987E-01
  0.26902050E-01
  0.26898076E-01
  0.26891380E-01
  0.26889689E-01
  0.26892954E-01
  0.26890035E-01
  0.20823355E-01
  0.20944014E-01
  0.20950599E-01
  0.20934437E-01
  0.20907847E-01
  0.20900592E-01
  0.20916950E-01
  0.20881339E-01
  0.20877164E-01
  0.20883835E-01
  0.20879588E-01
  0.20872050E-01
  0.20866146E-01
  0.20852595E-01
  0.20849365E-01
  0.20839579E-01
  0.20850565E-01
  0.20863384E-01
  0.20854602E-01
  0.20853165E-01
  0.20862224E-01
  0.20859056E-01
  0.20860254E-01
  0.20855559E-01
  0.20850172E-01
  0.20861564E-01
  0.20847930E-01
  0.20850549E-01
  0.20848127E-01
  0.20836821E-01
