  0.39790711E-01
  0.39870649E-01
  0.39758916E-01
  0.39794260E-01
  0.39808329E-01
  0.39820297E-01
  0.39832356E-01
  0.39835776E-01
  0.39813356E-01
  0.39826150E-01
  0.39794561E-01
  0.39819544E-01
  0.39828149E-01
  0.39843712E-01
  0.39845505E-01
  0.39843732E-01
  0.39852390E-01
  0.39865510E-01
  0.39863708E-01
  0.39862066E-01
  0.39875769E-01
  0.39867219E-01
  0.39864965E-01
  0.39851327E-01
  0.39842405E-01
  0.39854869E-01
  0.39855636E-01
  0.39851312E-01
  0.39853560E-01
  0.39859396E-01
  0.40540721E-01
  0.40363385E-01
  0.40183502E-01
  0.40168635E-01
  0.40148539E-01
  0.40061112E-01
  0.39982478E-01
  0.39937384E-01
  0.39983808E-01
  0.39966934E-01
  0.39908304E-01
  0.39972640E-01
  0.39954383E-01
  0.39918893E-01
  0.39875133E-01
  0.39838735E-01
  0.39823096E-01
  0.39833335E-01
  0.39863239E-01
  0.39879477E-01
  0.39876252E-01
  0.39882756E-01
  0.39877085E-01
  0.39902978E-01
  0.39906073E-01
  0.39908900E-01
  0.39903131E-01
  0.39870914E-01
  0.39884156E-01
  0.39897717E-01
  0.39979673E-01
  0.39973648E-01
  0.40006953E-01
  0.39846357E-01
  0.39827149E-01
  0.39835635E-01
  0.39842894E-01
  0.39856697E-01
  0.39877919E-01
  0.39825981E-01
  0.39834957E-01
  0.39854113E-01
  0.39862379E-01
  0.39848096E-01
  0.39879797E-01
  0.39868417E-01
  0.39875126E-01
  0.39880473E-01
  0.39890220E-01
  0.39908431E-01
  0.39921816E-01
  0.39916511E-01
  0.39920961E-01
  0.39937648E-01
  0.39949387E-01
  0.39933904E-01
  0.39943160E-01
  0.39916432E-01
  0.39899241E-01
  0.39866866E-01
  0.39685077E-01
  0.39518093E-01
  0.39687309E-01
  0.39697769E-01
  0.39741037E-01
  0.39601382E-01
  0.39708759E-01
  0.39789692E-01
  0.39865911E-01
  0.39881795E-01
  0.39879971E-01
  0.39867613E-01
  0.39904779E-01
  0.39879548E-01
  0.39866268E-01
  0.39851083E-01
  0.39850007E-01
  0.39827747E-01
  0.39799270E-01
  0.39803722E-01
  0.39817363E-01
  0.39834490E-01
  0.39830482E-01
  0.39833128E-01
  0.39829839E-01
  0.39800166E-01
  0.39769244E-01
  0.39749002E-01
  0.39761826E-01
  0.39783883E-01
  0.38632782E-01
  0.38590080E-01
  0.38579701E-01
  0.38350269E-01
  0.38465095E-01
  0.38488456E-01
  0.38458745E-01
  0.38321558E-01
  0.38370720E-01
  0.38329016E-01
  0.38324837E-01
  0.38330660E-01
  0.38320000E-01
  0.38264888E-01
  0.38245026E-01
  0.38239602E-01
  0.38266174E-01
  0.38256022E-01
  0.38255399E-01
  0.38243716E-01
  0.38228985E-01
  0.38240687E-01
  0.38239786E-01
  0.38245349E-01
  0.38246976E-01
  0.38269864E-01
  0.38265462E-01
  0.38279100E-01
  0.38274521E-01
  0.38281734E-01
  0.26713609E-01
  0.26547718E-01
  0.26428375E-01
  0.26349871E-01
  0.26415318E-01
  0.26391054E-01
  0.26428883E-01
  0.26415327E-01
  0.26444014E-01
  0.26454093E-01
  0.26473391E-01
  0.26474935E-01
  0.26449682E-01
  0.26519561E-01
  0.26520502E-01
  0.26481318E-01
  0.26492966E-01
  0.26485477E-01
  0.26501015E-01
  0.26498710E-01
  0.26502783E-01
  0.26531894E-01
  0.26523892E-01
  0.26535543E-01
  0.26537118E-01
  0.26544163E-01
  0.26544823E-01
  0.26549164E-01
  0.26525164E-01
  0.26518326E-01
  0.33167093E-02
  0.33597706E-02
  0.33790772E-02
  0.33912149E-02
  0.33869410E-02
  0.33915088E-02
  0.33923546E-02
  0.33976120E-02
  0.34000585E-02
  0.33957608E-02
  0.33922253E-02
  0.33904293E-02
  0.33865537E-02
  0.33915107E-02
  0.33874233E-02
  0.33876040E-02
  0.33894658E-02
  0.33904583E-02
  0.33902968E-02
  0.33884432E-02
  0.33888228E-02
  0.33872980E-02
  0.33853861E-02
  0.33857364E-02
  0.33834954E-02
  0.33861594E-02
  0.33832350E-02
  0.33842252E-02
  0.33822561E-02
  0.33805355E-02
  0.11174260E-02
  0.11373284E-02
  0.11434238E-02
  0.11406461E-02
  0.11390969E-02
  0.11384906E-02
  0.11359303E-02
  0.11323932E-02
  0.11353089E-02
  0.11334125E-02
  0.11325223E-02
  0.11344216E-02
  0.11356262E-02
  0.11337366E-02
  0.11354223E-02
  0.11354110E-02
  0.11357667E-02
  0.11355273E-02
  0.11360528E-02
  0.11364041E-02
  0.11360862E-02
  0.11357315E-02
  0.11349559E-02
  0.11348601E-02
  0.11351257E-02
  0.11345720E-02
  0.11338968E-02
  0.11335473E-02
  0.11339572E-02
  0.11336837E-02
  0.68403355E-03
  0.68959818E-03
  0.69035881E-03
  0.69099871E-03
  0.68910890E-03
  0.68739947E-03
  0.68756315E-03
  0.68536529E-03
  0.68558309E-03
  0.68589377E-03
  0.68465147E-03
  0.68455319E-03
  0.68440792E-03
  0.68352993E-03
  0.68339194E-03
  0.68263643E-03
  0.68303084E-03
  0.68380806E-03
  0.68355196E-03
  0.68333767E-03
  0.68363962E-03
  0.68360044E-03
  0.68359205E-03
  0.68324359E-03
  0.68290216E-03
  0.68330738E-03
  0.68246677E-03
  0.68252410E-03
  0.68245928E-03
  0.68199483E-03
