  0.87500000E-02
  0.56250000E-02
  0.45833333E-02
  0.48437500E-02
  0.55000000E-02
  0.57291667E-02
  0.56250000E-02
  0.58593750E-02
  0.56944444E-02
  0.53750000E-02
  0.26250000E-01
  0.27031250E-01
  0.28854167E-01
  0.28359375E-01
  0.27625000E-01
  0.27447917E-01
  0.28883929E-01
  0.28945313E-01
  0.28854167E-01
  0.29531250E-01
  0.49375000E-01
  0.45312500E-01
  0.47291667E-01
  0.48802083E-01
  0.48375000E-01
  0.49444444E-01
  0.48839286E-01
  0.48880208E-01
  0.48263889E-01
  0.48062500E-01
  0.57187500E-01
  0.57265625E-01
  0.60520833E-01
  0.58554688E-01
  0.58968750E-01
  0.59557292E-01
  0.59062500E-01
  0.58789063E-01
  0.57986111E-01
  0.57546875E-01
  0.68375000E-01
  0.67000000E-01
  0.69083333E-01
  0.67625000E-01
  0.66450000E-01
  0.65375000E-01
  0.65321429E-01
  0.64609375E-01
  0.64930556E-01
  0.65487500E-01
  0.75000000E-01
  0.72708333E-01
  0.74513889E-01
  0.74348958E-01
  0.73812500E-01
  0.73923611E-01
  0.74345238E-01
  0.72942708E-01
  0.73356481E-01
  0.73291667E-01
  0.77589286E-01
  0.75401786E-01
  0.76875000E-01
  0.78258929E-01
  0.78839286E-01
  0.78303571E-01
  0.79617347E-01
  0.80145089E-01
  0.80099206E-01
  0.79955357E-01
  0.88750000E-01
  0.84921875E-01
  0.83411458E-01
  0.84628906E-01
  0.84546875E-01
  0.84817708E-01
  0.86462054E-01
  0.87138672E-01
  0.86857639E-01
  0.87132813E-01
  0.94722222E-01
  0.91875000E-01
  0.90185185E-01
  0.90729167E-01
  0.90638889E-01
  0.88865741E-01
  0.89325397E-01
  0.88871528E-01
  0.88989198E-01
  0.89326389E-01
  0.83625000E-01
  0.88500000E-01
  0.87541667E-01
  0.87125000E-01
  0.87500000E-01
  0.89104167E-01
  0.89446429E-01
  0.90093750E-01
  0.89708333E-01
  0.89700000E-01
  0.90170455E-01
  0.90511364E-01
  0.93901515E-01
  0.93934659E-01
  0.91806818E-01
  0.91571970E-01
  0.91258117E-01
  0.90809659E-01
  0.89993687E-01
  0.90494318E-01
  0.88177083E-01
  0.89166667E-01
  0.86701389E-01
  0.89231771E-01
  0.91229167E-01
  0.92031250E-01
  0.91436012E-01
  0.91490885E-01
  0.92407407E-01
  0.92369792E-01
  0.91346154E-01
  0.89567308E-01
  0.90224359E-01
  0.91141827E-01
  0.90980769E-01
  0.90248397E-01
  0.90762363E-01
  0.90330529E-01
  0.90074786E-01
  0.90288462E-01
  0.88794643E-01
  0.88727679E-01
  0.89032738E-01
  0.88348214E-01
  0.88258929E-01
  0.87983631E-01
  0.88303571E-01
  0.87444196E-01
  0.87514881E-01
  0.88209821E-01
  0.78708333E-01
  0.79437500E-01
  0.83069444E-01
  0.83697917E-01
  0.85191667E-01
  0.85131944E-01
  0.84636905E-01
  0.85161458E-01
  0.84708333E-01
  0.84475000E-01
  0.87187500E-01
  0.82089844E-01
  0.81627604E-01
  0.83046875E-01
  0.82992187E-01
  0.83880208E-01
  0.83928571E-01
  0.83696289E-01
  0.83832465E-01
  0.83734375E-01
  0.77941176E-01
  0.78566176E-01
  0.79558824E-01
  0.80128676E-01
  0.79073529E-01
  0.80735294E-01
  0.80252101E-01
  0.80657169E-01
  0.81209150E-01
  0.81202206E-01
  0.76562500E-01
  0.77864583E-01
  0.77245370E-01
  0.78281250E-01
  0.78284722E-01
  0.78501157E-01
  0.78913690E-01
  0.79631076E-01
  0.79895833E-01
  0.80107639E-01
  0.82697368E-01
  0.79588816E-01
  0.79342105E-01
  0.79161184E-01
  0.79782895E-01
  0.79013158E-01
  0.77941729E-01
  0.77771382E-01
  0.77624269E-01
  0.77493421E-01
  0.74125000E-01
  0.73625000E-01
  0.73541667E-01
  0.73765625E-01
  0.74793750E-01
  0.76005208E-01
  0.76379464E-01
  0.76140625E-01
  0.76809028E-01
  0.76750000E-01
