  0.19088747E+00
  0.19069609E+00
  0.19074190E+00
  0.19067827E+00
  0.19054058E+00
  0.19054246E+00
  0.19053431E+00
  0.19053555E+00
  0.19049649E+00
  0.19048491E+00
  0.19048025E+00
  0.19047675E+00
  0.19045888E+00
  0.19046888E+00
  0.19049150E+00
  0.19048871E+00
  0.19046729E+00
  0.19047856E+00
  0.19044283E+00
  0.19046245E+00
  0.19047787E+00
  0.19047112E+00
  0.19045534E+00
  0.19046075E+00
  0.19044859E+00
  0.19043084E+00
  0.19045303E+00
  0.19045183E+00
  0.19046229E+00
  0.19047637E+00
  0.19110483E+00
  0.19111907E+00
  0.19077249E+00
  0.19055438E+00
  0.19066828E+00
  0.19062167E+00
  0.19070664E+00
  0.19066768E+00
  0.19069881E+00
  0.19068497E+00
  0.19070273E+00
  0.19070446E+00
  0.19070289E+00
  0.19063083E+00
  0.19060397E+00
  0.19065234E+00
  0.19063416E+00
  0.19068944E+00
  0.19069934E+00
  0.19066759E+00
  0.19065998E+00
  0.19064889E+00
  0.19059801E+00
  0.19062841E+00
  0.19060653E+00
  0.19056539E+00
  0.19055810E+00
  0.19054248E+00
  0.19053656E+00
  0.19055186E+00
  0.19234691E+00
  0.19199144E+00
  0.19111952E+00
  0.19058499E+00
  0.19056958E+00
  0.19081960E+00
  0.19088139E+00
  0.19076422E+00
  0.19054965E+00
  0.19046943E+00
  0.19047162E+00
  0.19055828E+00
  0.19067382E+00
  0.19074749E+00
  0.19085652E+00
  0.19084722E+00
  0.19076762E+00
  0.19073304E+00
  0.19070282E+00
  0.19073322E+00
  0.19073204E+00
  0.19071354E+00
  0.19075613E+00
  0.19071357E+00
  0.19069296E+00
  0.19070522E+00
  0.19064181E+00
  0.19060348E+00
  0.19061653E+00
  0.19061242E+00
  0.18959800E+00
  0.18987531E+00
  0.18967374E+00
  0.18964292E+00
  0.18967149E+00
  0.18992692E+00
  0.19025210E+00
  0.19032974E+00
  0.19033922E+00
  0.19032526E+00
  0.19043967E+00
  0.19060868E+00
  0.19060000E+00
  0.19074689E+00
  0.19089523E+00
  0.19097591E+00
  0.19095946E+00
  0.19092469E+00
  0.19097414E+00
  0.19098999E+00
  0.19096237E+00
  0.19089875E+00
  0.19082893E+00
  0.19079787E+00
  0.19084217E+00
  0.19083259E+00
  0.19078107E+00
  0.19080856E+00
  0.19081399E+00
  0.19080590E+00
  0.19071113E+00
  0.19107206E+00
  0.19094770E+00
  0.19056617E+00
  0.19033720E+00
  0.19068578E+00
  0.19075894E+00
  0.19071519E+00
  0.19075415E+00
  0.19060892E+00
  0.19050030E+00
  0.19056586E+00
  0.19067883E+00
  0.19071172E+00
  0.19070210E+00
  0.19058444E+00
  0.19075627E+00
  0.19072233E+00
  0.19078104E+00
  0.19065784E+00
  0.19066185E+00
  0.19064095E+00
  0.19065444E+00
  0.19063883E+00
  0.19072634E+00
  0.19065040E+00
  0.19063080E+00
  0.19066472E+00
  0.19062780E+00
  0.19067668E+00
  0.18134558E+00
  0.18121027E+00
  0.18040797E+00
  0.18012260E+00
  0.18037914E+00
  0.18025352E+00
  0.18050737E+00
  0.18048371E+00
  0.18045839E+00
  0.18042825E+00
  0.18038303E+00
  0.18050272E+00
  0.18039109E+00
  0.18035625E+00
  0.18053944E+00
  0.18041346E+00
  0.18048927E+00
  0.18048750E+00
  0.18058183E+00
  0.18063122E+00
  0.18057779E+00
  0.18053519E+00
  0.18049447E+00
  0.18052664E+00
  0.18054966E+00
  0.18051222E+00
  0.18049045E+00
  0.18043057E+00
  0.18043671E+00
  0.18045152E+00
  0.93322638E-01
  0.93613514E-01
  0.93604342E-01
  0.93509621E-01
  0.93587580E-01
  0.93565583E-01
  0.93497008E-01
  0.93489059E-01
  0.93448766E-01
  0.93461714E-01
  0.93392818E-01
  0.93408221E-01
  0.93370791E-01
  0.93328487E-01
  0.93405344E-01
  0.93392881E-01
  0.93435872E-01
  0.93424562E-01
  0.93471195E-01
  0.93548725E-01
  0.93496723E-01
  0.93504659E-01
  0.93550842E-01
  0.93569604E-01
  0.93591067E-01
  0.93520533E-01
  0.93514069E-01
  0.93485856E-01
  0.93499950E-01
  0.93507714E-01
  0.53976544E-01
  0.54338509E-01
  0.54295906E-01
  0.53997097E-01
  0.53877856E-01
  0.53947932E-01
  0.53958332E-01
  0.53946090E-01
  0.53932243E-01
  0.53908381E-01
  0.53922956E-01
  0.53953224E-01
  0.53950859E-01
  0.53928678E-01
  0.53863944E-01
  0.53872999E-01
  0.53840462E-01
  0.53844774E-01
  0.53839027E-01
  0.53877462E-01
  0.53856100E-01
  0.53852375E-01
  0.53852824E-01
  0.53862797E-01
  0.53868038E-01
  0.53876494E-01
  0.53860230E-01
  0.53856887E-01
  0.53860243E-01
  0.53872053E-01
  0.41242954E-01
  0.41543116E-01
  0.41665873E-01
  0.41565307E-01
  0.41649963E-01
  0.41694607E-01
  0.41665711E-01
  0.41612519E-01
  0.41581080E-01
  0.41622115E-01
  0.41672870E-01
  0.41668341E-01
  0.41677138E-01
  0.41669737E-01
  0.41642162E-01
  0.41661770E-01
  0.41640177E-01
  0.41644112E-01
  0.41645981E-01
  0.41648217E-01
  0.41666441E-01
  0.41683814E-01
  0.41674937E-01
  0.41675878E-01
  0.41671596E-01
  0.41650901E-01
  0.41656166E-01
  0.41628693E-01
  0.41634122E-01
  0.41622919E-01
