  0.49300515E-01
  0.49222303E-01
  0.49233834E-01
  0.49197540E-01
  0.49139707E-01
  0.49145464E-01
  0.49137908E-01
  0.49137587E-01
  0.49120239E-01
  0.49116500E-01
  0.49114376E-01
  0.49113443E-01
  0.49104391E-01
  0.49107375E-01
  0.49118363E-01
  0.49117656E-01
  0.49110068E-01
  0.49115785E-01
  0.49103060E-01
  0.49111986E-01
  0.49119422E-01
  0.49117891E-01
  0.49111253E-01
  0.49113674E-01
  0.49109122E-01
  0.49102371E-01
  0.49112494E-01
  0.49112348E-01
  0.49115655E-01
  0.49121853E-01
  0.49377014E-01
  0.49380841E-01
  0.49241242E-01
  0.49160596E-01
  0.49206492E-01
  0.49191336E-01
  0.49228389E-01
  0.49208229E-01
  0.49218371E-01
  0.49210204E-01
  0.49218068E-01
  0.49216764E-01
  0.49215807E-01
  0.49188776E-01
  0.49181806E-01
  0.49199122E-01
  0.49187167E-01
  0.49209250E-01
  0.49213677E-01
  0.49200688E-01
  0.49197982E-01
  0.49192931E-01
  0.49172837E-01
  0.49185370E-01
  0.49174958E-01
  0.49157514E-01
  0.49155703E-01
  0.49151093E-01
  0.49148612E-01
  0.49155045E-01
  0.49873629E-01
  0.49735560E-01
  0.49354365E-01
  0.49132994E-01
  0.49138928E-01
  0.49237980E-01
  0.49256686E-01
  0.49215671E-01
  0.49127997E-01
  0.49100785E-01
  0.49112671E-01
  0.49145798E-01
  0.49192792E-01
  0.49226350E-01
  0.49271319E-01
  0.49265470E-01
  0.49237103E-01
  0.49221815E-01
  0.49207055E-01
  0.49217534E-01
  0.49215989E-01
  0.49208086E-01
  0.49226315E-01
  0.49209141E-01
  0.49198634E-01
  0.49202432E-01
  0.49175179E-01
  0.49158624E-01
  0.49167101E-01
  0.49167340E-01
  0.48754834E-01
  0.48868117E-01
  0.48800803E-01
  0.48772833E-01
  0.48755175E-01
  0.48847385E-01
  0.48960630E-01
  0.48998927E-01
  0.49001928E-01
  0.48998552E-01
  0.49050465E-01
  0.49125141E-01
  0.49122479E-01
  0.49183460E-01
  0.49243633E-01
  0.49275288E-01
  0.49276145E-01
  0.49256676E-01
  0.49278974E-01
  0.49284089E-01
  0.49272214E-01
  0.49249695E-01
  0.49221335E-01
  0.49208823E-01
  0.49229708E-01
  0.49226585E-01
  0.49206271E-01
  0.49217512E-01
  0.49217816E-01
  0.49217043E-01
  0.49107246E-01
  0.49317158E-01
  0.49277697E-01
  0.49112488E-01
  0.49021063E-01
  0.49156722E-01
  0.49195703E-01
  0.49176943E-01
  0.49191709E-01
  0.49139277E-01
  0.49098305E-01
  0.49138548E-01
  0.49192468E-01
  0.49211835E-01
  0.49198920E-01
  0.49160381E-01
  0.49222696E-01
  0.49205133E-01
  0.49225516E-01
  0.49180832E-01
  0.49184178E-01
  0.49180584E-01
  0.49182850E-01
  0.49173269E-01
  0.49212337E-01
  0.49182244E-01
  0.49175323E-01
  0.49191308E-01
  0.49174227E-01
  0.49195014E-01
  0.44735124E-01
  0.44687477E-01
  0.44373180E-01
  0.44268719E-01
  0.44411119E-01
  0.44368442E-01
  0.44452473E-01
  0.44438915E-01
  0.44413083E-01
  0.44382569E-01
  0.44381490E-01
  0.44421457E-01
  0.44386011E-01
  0.44365682E-01
  0.44430342E-01
  0.44374010E-01
  0.44404728E-01
  0.44398544E-01
  0.44432158E-01
  0.44451067E-01
  0.44429986E-01
  0.44415944E-01
  0.44395449E-01
  0.44413668E-01
  0.44425948E-01
  0.44412495E-01
  0.44411249E-01
  0.44382582E-01
  0.44385785E-01
  0.44392194E-01
  0.13403518E-01
  0.13450733E-01
  0.13414456E-01
  0.13383404E-01
  0.13405703E-01
  0.13396156E-01
  0.13366364E-01
  0.13360976E-01
  0.13350656E-01
  0.13352078E-01
  0.13333348E-01
  0.13342644E-01
  0.13336860E-01
  0.13326395E-01
  0.13342170E-01
  0.13335536E-01
  0.13344526E-01
  0.13341753E-01
  0.13353335E-01
  0.13372930E-01
  0.13359146E-01
  0.13360799E-01
  0.13373255E-01
  0.13380186E-01
  0.13383878E-01
  0.13365273E-01
  0.13364810E-01
  0.13356239E-01
  0.13360865E-01
  0.13362638E-01
  0.45782874E-02
  0.46401188E-02
  0.46228754E-02
  0.45720980E-02
  0.45524724E-02
  0.45655268E-02
  0.45654516E-02
  0.45591084E-02
  0.45581553E-02
  0.45541485E-02
  0.45570131E-02
  0.45630875E-02
  0.45602290E-02
  0.45562482E-02
  0.45455683E-02
  0.45475582E-02
  0.45439112E-02
  0.45456729E-02
  0.45432299E-02
  0.45487998E-02
  0.45452948E-02
  0.45445232E-02
  0.45447535E-02
  0.45463961E-02
  0.45467385E-02
  0.45473827E-02
  0.45454831E-02
  0.45449418E-02
  0.45445857E-02
  0.45459773E-02
  0.26589152E-02
  0.26981792E-02
  0.27170628E-02
  0.27067442E-02
  0.27182113E-02
  0.27273854E-02
  0.27235539E-02
  0.27186264E-02
  0.27144356E-02
  0.27182587E-02
  0.27233997E-02
  0.27234118E-02
  0.27256833E-02
  0.27240439E-02
  0.27197570E-02
  0.27217124E-02
  0.27193002E-02
  0.27197008E-02
  0.27207478E-02
  0.27217512E-02
  0.27254516E-02
  0.27275709E-02
  0.27267645E-02
  0.27274339E-02
  0.27274043E-02
  0.27254844E-02
  0.27274553E-02
  0.27241043E-02
  0.27252777E-02
  0.27244978E-02
