  0.18144857E+00
  0.18138385E+00
  0.18140291E+00
  0.18152946E+00
  0.18148916E+00
  0.18148488E+00
  0.18156015E+00
  0.18150917E+00
  0.18157579E+00
  0.18162033E+00
  0.18155899E+00
  0.18151591E+00
  0.18155331E+00
  0.18153290E+00
  0.18154681E+00
  0.18154125E+00
  0.18154626E+00
  0.18155064E+00
  0.18152322E+00
  0.18150941E+00
  0.18149606E+00
  0.18153638E+00
  0.18151443E+00
  0.18149758E+00
  0.18148574E+00
  0.18145618E+00
  0.18143352E+00
  0.18142849E+00
  0.18142047E+00
  0.18145162E+00
  0.18018091E+00
  0.18053391E+00
  0.18089635E+00
  0.18098568E+00
  0.18117160E+00
  0.18110687E+00
  0.18099185E+00
  0.18112562E+00
  0.18120604E+00
  0.18127873E+00
  0.18125228E+00
  0.18124417E+00
  0.18123049E+00
  0.18111621E+00
  0.18117624E+00
  0.18122623E+00
  0.18120243E+00
  0.18122132E+00
  0.18118270E+00
  0.18117914E+00
  0.18120460E+00
  0.18125067E+00
  0.18122171E+00
  0.18124292E+00
  0.18118700E+00
  0.18119644E+00
  0.18117349E+00
  0.18118496E+00
  0.18124590E+00
  0.18128570E+00
  0.18144816E+00
  0.18072109E+00
  0.18164475E+00
  0.18147478E+00
  0.18150240E+00
  0.18165529E+00
  0.18174646E+00
  0.18175328E+00
  0.18176823E+00
  0.18192628E+00
  0.18196436E+00
  0.18176761E+00
  0.18170195E+00
  0.18176399E+00
  0.18172671E+00
  0.18180415E+00
  0.18176832E+00
  0.18174294E+00
  0.18174817E+00
  0.18171508E+00
  0.18165673E+00
  0.18165909E+00
  0.18158678E+00
  0.18158018E+00
  0.18155074E+00
  0.18154871E+00
  0.18152638E+00
  0.18147779E+00
  0.18151334E+00
  0.18153894E+00
  0.17979354E+00
  0.18092158E+00
  0.18131495E+00
  0.18124481E+00
  0.18129989E+00
  0.18140572E+00
  0.18147188E+00
  0.18143250E+00
  0.18139336E+00
  0.18131304E+00
  0.18140590E+00
  0.18151702E+00
  0.18148776E+00
  0.18152262E+00
  0.18161069E+00
  0.18163595E+00
  0.18154942E+00
  0.18152104E+00
  0.18147887E+00
  0.18149516E+00
  0.18145493E+00
  0.18151234E+00
  0.18144883E+00
  0.18146819E+00
  0.18143977E+00
  0.18147031E+00
  0.18140529E+00
  0.18136036E+00
  0.18141926E+00
  0.18135051E+00
  0.18114717E+00
  0.18098244E+00
  0.18070277E+00
  0.18071336E+00
  0.18074473E+00
  0.18082771E+00
  0.18076274E+00
  0.18067046E+00
  0.18078254E+00
  0.18073167E+00
  0.18084961E+00
  0.18079931E+00
  0.18088676E+00
  0.18083525E+00
  0.18085047E+00
  0.18093805E+00
  0.18086432E+00
  0.18087566E+00
  0.18082143E+00
  0.18094085E+00
  0.18092443E+00
  0.18085650E+00
  0.18077395E+00
  0.18077576E+00
  0.18083762E+00
  0.18077538E+00
  0.18077768E+00
  0.18073113E+00
  0.18074307E+00
  0.18068109E+00
  0.16486545E+00
  0.16469833E+00
  0.16432948E+00
  0.16409719E+00
  0.16410352E+00
  0.16410466E+00
  0.16394218E+00
  0.16351965E+00
  0.16358160E+00
  0.16368638E+00
  0.16352250E+00
  0.16365609E+00
  0.16356165E+00
  0.16339175E+00
  0.16358454E+00
  0.16353575E+00
  0.16346939E+00
  0.16348482E+00
  0.16349570E+00
  0.16344146E+00
  0.16348212E+00
  0.16347833E+00
  0.16348397E+00
  0.16354787E+00
  0.16355011E+00
  0.16353900E+00
  0.16351584E+00
  0.16352622E+00
  0.16352048E+00
  0.16349773E+00
  0.70305174E-01
  0.70112027E-01
  0.70046069E-01
  0.70121118E-01
  0.70064939E-01
  0.69976123E-01
  0.69994200E-01
  0.69929309E-01
  0.69913883E-01
  0.69858952E-01
  0.69825433E-01
  0.69874890E-01
  0.69928935E-01
  0.69896952E-01
  0.69929369E-01
  0.69971574E-01
  0.69960887E-01
  0.69949113E-01
  0.69918016E-01
  0.69956937E-01
  0.69946291E-01
  0.69921369E-01
  0.69865257E-01
  0.69853587E-01
  0.69871248E-01
  0.69848572E-01
  0.69862469E-01
  0.69840722E-01
  0.69851416E-01
  0.69855842E-01
  0.40115482E-01
  0.40237015E-01
  0.40449894E-01
  0.40437699E-01
  0.40401405E-01
  0.40370898E-01
  0.40317914E-01
  0.40340996E-01
  0.40334856E-01
  0.40342019E-01
  0.40375614E-01
  0.40374457E-01
  0.40348123E-01
  0.40366284E-01
  0.40385505E-01
  0.40388403E-01
  0.40370759E-01
  0.40381128E-01
  0.40358114E-01
  0.40334560E-01
  0.40338626E-01
  0.40361580E-01
  0.40336001E-01
  0.40348876E-01
  0.40335189E-01
  0.40333151E-01
  0.40339207E-01
  0.40347245E-01
  0.40359960E-01
  0.40357663E-01
  0.30973302E-01
  0.31283417E-01
  0.31282881E-01
  0.31188589E-01
  0.31159626E-01
  0.31194687E-01
  0.31153676E-01
  0.31168752E-01
  0.31183309E-01
  0.31208120E-01
  0.31205986E-01
  0.31194445E-01
  0.31256727E-01
  0.31253444E-01
  0.31221863E-01
  0.31201458E-01
  0.31227783E-01
  0.31220138E-01
  0.31227756E-01
  0.31227345E-01
  0.31231340E-01
  0.31238100E-01
  0.31237689E-01
  0.31239137E-01
  0.31235053E-01
  0.31231760E-01
  0.31237489E-01
  0.31242860E-01
  0.31239701E-01
  0.31234662E-01
