  0.44427380E-01
  0.44373633E-01
  0.44377941E-01
  0.44422024E-01
  0.44402437E-01
  0.44407535E-01
  0.44441013E-01
  0.44422571E-01
  0.44445286E-01
  0.44456680E-01
  0.44433337E-01
  0.44415926E-01
  0.44434035E-01
  0.44428984E-01
  0.44432764E-01
  0.44432105E-01
  0.44434937E-01
  0.44435314E-01
  0.44423973E-01
  0.44417583E-01
  0.44413542E-01
  0.44427784E-01
  0.44418900E-01
  0.44413374E-01
  0.44407305E-01
  0.44395516E-01
  0.44386095E-01
  0.44384824E-01
  0.44381743E-01
  0.44393837E-01
  0.43898018E-01
  0.44023408E-01
  0.44169004E-01
  0.44196970E-01
  0.44278116E-01
  0.44259663E-01
  0.44211606E-01
  0.44272187E-01
  0.44299178E-01
  0.44326260E-01
  0.44318560E-01
  0.44316194E-01
  0.44315706E-01
  0.44270657E-01
  0.44293761E-01
  0.44310352E-01
  0.44302546E-01
  0.44308450E-01
  0.44292200E-01
  0.44292879E-01
  0.44303581E-01
  0.44320576E-01
  0.44309924E-01
  0.44318436E-01
  0.44295578E-01
  0.44298429E-01
  0.44289155E-01
  0.44292721E-01
  0.44315474E-01
  0.44330443E-01
  0.44448550E-01
  0.44149598E-01
  0.44478234E-01
  0.44416325E-01
  0.44430739E-01
  0.44474533E-01
  0.44514038E-01
  0.44515687E-01
  0.44522743E-01
  0.44586683E-01
  0.44600586E-01
  0.44524276E-01
  0.44501181E-01
  0.44523871E-01
  0.44511485E-01
  0.44540108E-01
  0.44526165E-01
  0.44513564E-01
  0.44514474E-01
  0.44505097E-01
  0.44483497E-01
  0.44481663E-01
  0.44455787E-01
  0.44450504E-01
  0.44438078E-01
  0.44437747E-01
  0.44431523E-01
  0.44415452E-01
  0.44429234E-01
  0.44441691E-01
  0.43813668E-01
  0.44251904E-01
  0.44379869E-01
  0.44325371E-01
  0.44332974E-01
  0.44382413E-01
  0.44430587E-01
  0.44404730E-01
  0.44389105E-01
  0.44364211E-01
  0.44401853E-01
  0.44452037E-01
  0.44430929E-01
  0.44435669E-01
  0.44472668E-01
  0.44485581E-01
  0.44454433E-01
  0.44439945E-01
  0.44419900E-01
  0.44422137E-01
  0.44407487E-01
  0.44429733E-01
  0.44408277E-01
  0.44413879E-01
  0.44400391E-01
  0.44409676E-01
  0.44387771E-01
  0.44369742E-01
  0.44393197E-01
  0.44368182E-01
  0.44238691E-01
  0.44186504E-01
  0.44106453E-01
  0.44080257E-01
  0.44081754E-01
  0.44127177E-01
  0.44110506E-01
  0.44065000E-01
  0.44095604E-01
  0.44069396E-01
  0.44097553E-01
  0.44077873E-01
  0.44102390E-01
  0.44085650E-01
  0.44095739E-01
  0.44131451E-01
  0.44109389E-01
  0.44105967E-01
  0.44079411E-01
  0.44131675E-01
  0.44133351E-01
  0.44105505E-01
  0.44077068E-01
  0.44073441E-01
  0.44091595E-01
  0.44068038E-01
  0.44071756E-01
  0.44055090E-01
  0.44059064E-01
  0.44037671E-01
  0.37252913E-01
  0.37036970E-01
  0.36867434E-01
  0.36761218E-01
  0.36748694E-01
  0.36757326E-01
  0.36682167E-01
  0.36531262E-01
  0.36560428E-01
  0.36594110E-01
  0.36539355E-01
  0.36592014E-01
  0.36566163E-01
  0.36500975E-01
  0.36568557E-01
  0.36545957E-01
  0.36525586E-01
  0.36521476E-01
  0.36528165E-01
  0.36507368E-01
  0.36516160E-01
  0.36514225E-01
  0.36518908E-01
  0.36544604E-01
  0.36548436E-01
  0.36544371E-01
  0.36534546E-01
  0.36537147E-01
  0.36538989E-01
  0.36531368E-01
  0.75900250E-02
  0.75752857E-02
  0.75693250E-02
  0.75950377E-02
  0.75892653E-02
  0.75689992E-02
  0.75801591E-02
  0.75654202E-02
  0.75619792E-02
  0.75502774E-02
  0.75384431E-02
  0.75497193E-02
  0.75613913E-02
  0.75544120E-02
  0.75633247E-02
  0.75753990E-02
  0.75722499E-02
  0.75704350E-02
  0.75655215E-02
  0.75733262E-02
  0.75723681E-02
  0.75671426E-02
  0.75552103E-02
  0.75540848E-02
  0.75578649E-02
  0.75532623E-02
  0.75555927E-02
  0.75512672E-02
  0.75519139E-02
  0.75525713E-02
  0.25283453E-02
  0.25488364E-02
  0.25662469E-02
  0.25626264E-02
  0.25581702E-02
  0.25535879E-02
  0.25491911E-02
  0.25521554E-02
  0.25497740E-02
  0.25502275E-02
  0.25534900E-02
  0.25532899E-02
  0.25515180E-02
  0.25531681E-02
  0.25550834E-02
  0.25554563E-02
  0.25540111E-02
  0.25543205E-02
  0.25511932E-02
  0.25481958E-02
  0.25477758E-02
  0.25502468E-02
  0.25471428E-02
  0.25482548E-02
  0.25465934E-02
  0.25461889E-02
  0.25467124E-02
  0.25478755E-02
  0.25493105E-02
  0.25492496E-02
  0.15155297E-02
  0.15463202E-02
  0.15440955E-02
  0.15335833E-02
  0.15279007E-02
  0.15306586E-02
  0.15269570E-02
  0.15285916E-02
  0.15284509E-02
  0.15304109E-02
  0.15293459E-02
  0.15293226E-02
  0.15345097E-02
  0.15342871E-02
  0.15313548E-02
  0.15302534E-02
  0.15325078E-02
  0.15315546E-02
  0.15320889E-02
  0.15316311E-02
  0.15315675E-02
  0.15316110E-02
  0.15318228E-02
  0.15315580E-02
  0.15315111E-02
  0.15312273E-02
  0.15313032E-02
  0.15320742E-02
  0.15317800E-02
  0.15311225E-02
